function goal_post
    mf=1;
    draw_line([0.400 0.400].*mf,[2.700 5.300].*mf); %y
    draw_line([10.600 10.600].*mf,[2.700 5.300].*mf); %y


    draw_line([0.400 1.000].*mf,[2.700 2.700].*mf); %x
    draw_line([0.400 1.000].*mf,[5.300 5.300].*mf); %x


    draw_line([10.000 10.600].*mf,[2.700 2.700].*mf); %x
    draw_line([10.000 10.600].*mf,[5.300 5.300].*mf); %x

end

