function penalty_mark
mf = 1;
draw_line([8.400 8.600].*mf , [4.000 4.000].*mf);
draw_line([2.400 2.600].*mf , [4.000 4.000].*mf);

draw_line([8.500 8.500].*mf , [3.900 4.100].*mf);
draw_line([2.500 2.500].*mf , [3.900 4.100].*mf);
end

